50
8857 1954 5677 5355 0.29
5237 135 1266 9492 0.68
5978 5169 7256 6005 0.71
1393 1081 2964 8134 0.48
9830 3823 9419 8965 0.18
3492 9346 3262 8333 0.69
7465 952 907 4135 0.37
3343 2348 8406 2455 0.35
9702 2588 9405 7694 0.49
3568 3235 5712 2845 0.01
4691 7944 153 9612 0.54
5614 7177 306 7352 0.56
5192 5900 8528 7604 0.76
1449 8526 7275 1830 0.45
1064 7745 7895 6662 0.45
1318 984 843 3925 0.96
7306 3934 6549 894 0.10
4609 6643 550 9987 0.24
6360 1327 3950 8834 0.75
4467 8461 8842 6042 0.66
2942 921 5451 5215 0.21
652 745 8456 9836 0.69
3575 8805 969 3591 0.13
1187 4278 9062 2151 0.76
8584 3439 6614 3792 0.07
6048 35 7098 9711 0.81
8984 4228 5971 1300 0.50
9523 9226 7290 9004 0.34
5711 5981 1324 7849 0.46
774 7357 8552 1191 0.92
8802 2596 4747 2580 0.78
838 6618 8724 525 0.76
2857 4729 3651 40 0.88
2535 3631 3281 7432 0.02
1695 5319 2512 7309 0.52
6798 6401 8817 3293 0.42
7151 8641 1556 790 0.77
4545 9703 8819 2911 0.38
1288 2940 5526 9611 0.24
2289 5574 3410 8407 0.95
5711 9697 2123 823 0.68
4384 4114 1825 9205 0.16
8379 6745 3167 6936 0.16
7382 4072 4778 2750 0.83
4118 5452 3254 8889 0.42
8294 6578 3214 5467 0.49
342 8030 8195 7974 0.85
998 464 6782 6755 0.69
7698 5424 8834 7219 0.16
4436 3416 4080 2141 0.09
